3.008509874343872070e+00
2.764892816543579102e+00
-2.334595024585723877e-01
3.656158745288848877e-01
9.196472913026809692e-02
-1.345825381577014923e-02
3.015235185623168945e+00
3.584290027618408203e+00
1.510620266199111938e-01
3.117828667163848877e-01
-1.570129580795764923e-02
9.869385510683059692e-02
3.154227495193481445e+00
2.549743890762329102e+00
-1.968383938074111938e-01
3.028106987476348877e-01
5.383301526308059692e-02
-4.486084450036287308e-03
2.306823015213012695e+00
2.998352289199829102e+00
4.119873419404029846e-02
1.839294582605361938e-01
1.570129580795764923e-02
-6.280518323183059692e-02
2.315790414810180664e+00
3.021240472793579102e+00
2.746582403779029846e-02
1.682281643152236938e-01
1.570129580795764923e-02
-6.056214123964309692e-02
2.537729501724243164e+00
2.929687738418579102e+00
4.119873419404029846e-02
1.772003322839736938e-01
1.794433780014514923e-02
-4.037475958466529846e-02
1.793448448181152344e+00
2.929687738418579102e+00
-1.057434201240539551e+00
-5.607605725526809692e-02
1.435547024011611938e-01
5.831909924745559692e-02
1.966067910194396973e+00
3.332519769668579102e+00
-4.669190049171447754e-01
-1.413116604089736938e-01
5.383301526308059692e-02
5.607605725526809692e-02
1.755337715148925781e+00
1.725769162178039551e+00
-1.510620266199111938e-01
1.839294582605361938e-01
-8.972168900072574615e-03
3.588867560029029846e-02
2.102818250656127930e+00
2.435302972793579102e+00
6.408692151308059692e-02
-4.486084450036287308e-03
-1.031799390912055969e-01
6.729126721620559692e-02
